image: /home/a-1/demo01_ws/src/nav_demo/map/nav_slam.pgm
resolution: 0.050000
origin: [-50.000000, -50.000000, 0.000000]
negate: 0
occupied_thresh: 0.65
free_thresh: 0.196

