% a=9.86;
% b=0.085;
% Kd=0.7062;
% Kp=4.6576;


a=25;
b=0.05;
Kd=7.062;
Kp=70;