a=9.9;
b=0.09;
Kd=0.706;
Kp=4.66;


